0, 26, 0, 0, 0, 0, 0, 0, 0, 0, 0, 27, 27, 26, 25, 24
212 120 016
...
196 096 000
196 096 000
212 120 016
228 148 048
236 172 072
0, 135, 0, 0, 0, 0, 0, 0, 0, 0, 0, 136, 136, 135, 119, 2
0, 159, 0, 0, 0, 0, 0, 0, 0, 0, 0, 142, 143, 159, 41, 167
0, 157, 0, 0, 0, 0, 0, 0, 0, 0, 0, 180, 180, 157, 158, 5
0, 179, 0, 0, 0, 0, 0, 0, 0, 0, 0, 180, 180, 179, 178, 176
0, 123, 0, 0, 0, 0, 0, 0, 0, 0, 0, 122, 122, 123, 125, 127
0, 203, 0, 0, 0, 0, 0, 0, 0, 0, 0, 204, 204, 203, 202, 201
132 132 156
...
100 100 124
100 100 124
132 132 156
164 164 188
192 192 209
0, 1, 4, 166, 41, 3, 0, 0, 0, 0, 0, 0, 0, 0, 0, 0
0, 203, 0, 0, 0, 0, 0, 0, 0, 0, 0, 204, 204, 203, 202, 201
0, 203, 0, 0, 0, 0, 0, 0, 0, 0, 0, 204, 204, 203, 202, 201

0, 25, 119, 41, 0, 158, 0, 178, 125, 0, 202, 0, 0, 0, 0, 0